[gd_scene load_steps=11 format=3 uid="uid://ddvym7hjeiewb"]

[ext_resource type="ArrayMesh" uid="uid://dviuikrru57qu" path="res://assets/ouji/OUJI_01_BODY.res" id="1_io8v1"]
[ext_resource type="Shader" path="res://assets/materials/shaders/ouji_body.gdshader" id="1_sryk0"]
[ext_resource type="Texture2D" uid="uid://cry8vjhf4bs7t" path="res://assets/ouji/OUJI_01.png" id="2_cvtk1"]
[ext_resource type="AnimationLibrary" uid="uid://bhwfupvw4lfhs" path="res://assets/animations/ouji.res" id="2_gnb6a"]
[ext_resource type="Texture2D" uid="uid://bfygki0m17vp7" path="res://assets/ouji/OUJI_01_overlay.png" id="3_5d5ts"]
[ext_resource type="ArrayMesh" uid="uid://cadr4dvmkwfti" path="res://assets/ouji/OUJI_01_FACE.res" id="5_gb4of"]
[ext_resource type="AnimationLibrary" uid="uid://dy2rpgqaurtlc" path="res://assets/animations/ouji01.res" id="5_n3wfx"]

[sub_resource type="Skin" id="Skin_ucuiy"]
resource_name = "Skin"
bind_count = 14
bind/0/name = &"OujiRigRoot"
bind/0/bone = -1
bind/0/pose = Transform3D(1, 0, 0, 0, 1, 0, 0, 0, 1, 0, -0.0500002, 0)
bind/1/name = &"Torso"
bind/1/bone = -1
bind/1/pose = Transform3D(1, -4.18519e-08, -2.34716e-07, 3.55271e-15, 0.984472, -0.17554, 2.38419e-07, 0.17554, 0.984472, 2.61574e-07, -6.15295, -1.09712)
bind/2/name = &"Chest"
bind/2/bone = -1
bind/2/pose = Transform3D(1, 1.83855e-08, -2.37709e-07, -5.32907e-15, 0.997022, 0.0771144, 2.38419e-07, -0.0771144, 0.997022, -2.6705e-07, -8.69301, 1.12009)
bind/3/name = &"R Arm"
bind/3/bone = -1
bind/3/pose = Transform3D(1.12097e-10, 1, -1.86264e-07, -1, 1.12038e-10, -1.44939e-09, -1.44941e-09, 1.86264e-07, 1, -11.7875, -2.025, -2.15382e-06)
bind/4/name = &"R Forearm"
bind/4/bone = -1
bind/4/pose = Transform3D(6.29521e-18, 1, -1.94707e-07, -1, -5.88712e-14, 1.40998e-14, 1.11022e-16, 1.94707e-07, 1, -11.7875, -4.075, -2.24744e-06)
bind/5/name = &"R Hand"
bind/5/bone = -1
bind/5/pose = Transform3D(-1.10144e-25, 1, -1.94707e-07, -1, -5.88775e-14, 1.39888e-14, -2.14458e-32, 1.94707e-07, 1, -11.7875, -6.6625, -2.24744e-06)
bind/6/name = &"Head"
bind/6/bone = -1
bind/6/pose = Transform3D(1, 0, -2.38419e-07, 1.57513e-15, 1, -3.7554e-22, 2.38419e-07, 0, 1, 3.4026e-14, -14.525, 2.98023e-08)
bind/7/name = &"L Arm"
bind/7/bone = -1
bind/7/pose = Transform3D(-1.12097e-10, -1, 1.86265e-07, 1, -1.12154e-10, 1.44938e-09, -1.44941e-09, 1.86265e-07, 1, 11.7875, -2.025, -2.14795e-06)
bind/8/name = &"L Forearm"
bind/8/bone = -1
bind/8/pose = Transform3D(6.43644e-19, -1, 1.94707e-07, 1, -5.65712e-14, -2.83107e-14, -1.11022e-16, 1.94707e-07, 1, 11.7875, -4.075, -2.25338e-06)
bind/9/name = &"L Hand"
bind/9/bone = -1
bind/9/pose = Transform3D(-5.84451e-26, -1, 1.94707e-07, 1, -5.65718e-14, -2.84217e-14, 1.13797e-32, 1.94707e-07, 1, 11.7875, -6.6625, -2.25338e-06)
bind/10/name = &"R Thigh"
bind/10/bone = -1
bind/10/pose = Transform3D(-1, 4.28409e-21, 1.61415e-07, 4.28409e-21, -1, 2.65409e-14, 1.61415e-07, 2.65409e-14, 1, -1.275, 6.25, 2.05804e-07)
bind/11/name = &"R Leg"
bind/11/bone = -1
bind/11/pose = Transform3D(-1, 0, 3.89414e-07, 4.28409e-21, -1, -1.66829e-27, 3.89414e-07, 0, 1, -1.275, 3.35, 4.96503e-07)
bind/12/name = &"L Thigh"
bind/12/bone = -1
bind/12/pose = Transform3D(-1, -4.28409e-21, -1.61415e-07, -4.28409e-21, -1, 2.65409e-14, -1.61415e-07, 2.65409e-14, 1, 1.275, 6.25, 2.05804e-07)
bind/13/name = &"L Leg"
bind/13/bone = -1
bind/13/pose = Transform3D(-1, 0, -3.89414e-07, -4.28409e-21, -1, -1.66829e-27, -3.89414e-07, 0, 1, 1.275, 3.35, 4.96503e-07)

[sub_resource type="ShaderMaterial" id="ShaderMaterial_q0njk"]
render_priority = 0
shader = ExtResource("1_sryk0")
shader_parameter/FaceOverlayAmount = 0.5
shader_parameter/EmotionAmount = 4.75e-08
shader_parameter/ShockColor = Color(0.65, 0.866, 1, 1)
shader_parameter/AngerColor = Color(0.97, 0.504, 0.504, 1)
shader_parameter/BaseTexture = ExtResource("2_cvtk1")
shader_parameter/OverlayTexture = ExtResource("3_5d5ts")

[sub_resource type="ShaderMaterial" id="ShaderMaterial_ticd3"]
render_priority = 0
shader = ExtResource("1_sryk0")
shader_parameter/FaceOverlayAmount = 0.5
shader_parameter/EmotionAmount = 0.0
shader_parameter/ShockColor = Color(178, 225, 255, 1)
shader_parameter/AngerColor = Color(219, 70, 70, 1)
shader_parameter/BaseTexture = ExtResource("2_cvtk1")
shader_parameter/OverlayTexture = ExtResource("3_5d5ts")

[node name="Ouji" type="Node3D"]
metadata/OujiId = 1

[node name="OujiArmature" type="Node3D" parent="."]

[node name="OujiSkeleton" type="Skeleton3D" parent="OujiArmature"]
bones/0/name = "OujiRigRoot"
bones/0/parent = -1
bones/0/rest = Transform3D(1, 0, 0, 0, 1, 0, 0, 0, 1, 0, 0.0500002, 0)
bones/0/enabled = true
bones/0/position = Vector3(0, 0.0500002, 0)
bones/0/rotation = Quaternion(0, 0, 0, 1)
bones/0/scale = Vector3(1, 1, 0.999999)
bones/1/name = "Torso"
bones/1/parent = 0
bones/1/rest = Transform3D(1, 1.77636e-15, 2.38418e-07, -4.18519e-08, 0.984472, 0.17554, -2.34716e-07, -0.17554, 0.984472, 0, 6.2, 0)
bones/1/enabled = true
bones/1/position = Vector3(0, 6.2, 0)
bones/1/rotation = Quaternion(-0.0881125, 1.18746e-07, -1.05038e-08, 0.99611)
bones/1/scale = Vector3(1, 1, 0.999999)
bones/2/name = "Chest"
bones/2/parent = 1
bones/2/rest = Transform3D(1, -5.98273e-08, 7.62844e-09, 5.98273e-08, 0.968004, -0.250934, 7.62833e-09, 0.250934, 0.968004, -2.13163e-14, 2.54299, 5.96046e-08)
bones/2/enabled = true
bones/2/position = Vector3(-2.13163e-14, 2.54299, 5.96046e-08)
bones/2/rotation = Quaternion(0.126483, 3.08902e-14, 3.01558e-08, 0.991969)
bones/2/scale = Vector3(1, 1, 1)
bones/3/name = "R Arm"
bones/3/parent = 2
bones/3/rest = Transform3D(-1.19209e-07, -1, -2.42144e-07, 0.997022, -1.19209e-07, 0.0771146, -0.0771146, -2.34693e-07, 0.997022, -2.025, 3.05939, 0.2111)
bones/3/enabled = true
bones/3/position = Vector3(-2.025, 3.05939, 0.2111)
bones/3/rotation = Quaternion(-0.0272845, 0.0272843, 0.70658, 0.70658)
bones/3/scale = Vector3(1, 1.00001, 0.99999)
bones/4/name = "R Forearm"
bones/4/parent = 3
bones/4/rest = Transform3D(1, -1.12097e-10, 8.44268e-09, 1.12097e-10, 1, -1.44941e-09, -8.44268e-09, 1.44941e-09, 1, 9.53218e-07, 2.05, 1.16351e-13)
bones/4/enabled = true
bones/4/position = Vector3(9.53218e-07, 2.05, 1.16351e-13)
bones/4/rotation = Quaternion(7.24704e-10, 4.22134e-09, 5.60486e-11, 1)
bones/4/scale = Vector3(0.999999, 1.00001, 0.999983)
bones/5/name = "R Hand"
bones/5/parent = 4
bones/5/rest = Transform3D(1, -6.2938e-18, -1.42109e-14, 6.2938e-18, 1, 1.11022e-16, 1.42109e-14, -1.11022e-16, 1, 9.53674e-07, 2.5875, 3.83402e-14)
bones/5/enabled = true
bones/5/position = Vector3(9.53674e-07, 2.5875, 3.83402e-14)
bones/5/rotation = Quaternion(-5.55112e-17, -7.10543e-15, 3.1469e-18, 1)
bones/5/scale = Vector3(1, 1.00008, 0.999928)
bones/6/name = "Head"
bones/6/parent = 2
bones/6/rest = Transform3D(1, 1.83855e-08, 7.09894e-10, -1.83855e-08, 0.997022, 0.0771144, 7.10007e-10, -0.0771144, 0.997022, -5.62548e-15, 5.78874, 8.94957e-08)
bones/6/enabled = true
bones/6/position = Vector3(-5.62548e-15, 5.78874, 8.94957e-08)
bones/6/rotation = Quaternion(-0.0385859, -2.84415e-14, -9.19961e-09, 0.999255)
bones/6/scale = Vector3(1, 1, 0.999999)
bones/7/name = "L Arm"
bones/7/parent = 2
bones/7/rest = Transform3D(5.96046e-08, 1, -2.42144e-07, -0.997022, 5.96046e-08, 0.0771146, 0.0771146, 2.34693e-07, 0.997022, 2.025, 3.05939, 0.211101)
bones/7/enabled = true
bones/7/position = Vector3(2.025, 3.05939, 0.211101)
bones/7/rotation = Quaternion(-0.0272843, -0.0272845, -0.70658, 0.70658)
bones/7/scale = Vector3(1, 1, 0.999993)
bones/8/name = "L Forearm"
bones/8/parent = 7
bones/8/rest = Transform3D(1, -1.12097e-10, -8.44267e-09, 1.12097e-10, 1, 1.44941e-09, 8.44267e-09, -1.44941e-09, 1, -4.56804e-10, 2.05, -1.0969e-13)
bones/8/enabled = true
bones/8/position = Vector3(-4.56804e-10, 2.05, -1.0969e-13)
bones/8/rotation = Quaternion(-7.24704e-10, -4.22133e-09, 5.60486e-11, 1)
bones/8/scale = Vector3(1, 1.00001, 0.999989)
bones/9/name = "L Hand"
bones/9/parent = 8
bones/9/rest = Transform3D(1, 6.43063e-19, 3.56973e-35, -6.43063e-19, 1, 1.11023e-16, 3.56973e-35, -1.11023e-16, 1, -8.88178e-15, 2.5875, -3.27141e-14)
bones/9/enabled = true
bones/9/position = Vector3(-8.88178e-15, 2.5875, -3.27141e-14)
bones/9/rotation = Quaternion(-5.55114e-17, 2.52234e-42, -3.21531e-19, 1)
bones/9/scale = Vector3(1, 1.00006, 0.999946)
bones/10/name = "R Thigh"
bones/10/parent = 0
bones/10/rest = Transform3D(-1, 2.14204e-21, 1.61415e-07, 2.14204e-21, -1, 2.65409e-14, 1.61415e-07, 2.65409e-14, 1, -1.275, 6.2, 0)
bones/10/enabled = true
bones/10/position = Vector3(-1.275, 6.2, 0)
bones/10/rotation = Quaternion(8.07073e-08, -5.73461e-22, 1, -7.10543e-15)
bones/10/scale = Vector3(1, 1, 0.999994)
bones/11/name = "R Leg"
bones/11/parent = 10
bones/11/rest = Transform3D(1, -4.28409e-21, -2.28e-07, 1.03354e-20, 1, 2.65409e-14, 2.28e-07, -2.65409e-14, 1, 0, 2.9, -4.6498e-15)
bones/11/enabled = true
bones/11/position = Vector3(0, 2.9, -4.6498e-15)
bones/11/rotation = Quaternion(-1.32704e-14, -1.14e-07, 3.65487e-21, 1)
bones/11/scale = Vector3(1, 1.00001, 0.999979)
bones/12/name = "L Thigh"
bones/12/parent = 0
bones/12/rest = Transform3D(-1, -2.14204e-21, -1.61415e-07, -2.14204e-21, -1, 2.65409e-14, -1.61415e-07, 2.65409e-14, 1, 1.275, 6.2, 0)
bones/12/enabled = true
bones/12/position = Vector3(1.275, 6.2, 0)
bones/12/rotation = Quaternion(-8.07073e-08, -8.64391e-29, 1, 0)
bones/12/scale = Vector3(0.999999, 1, 0.999995)
bones/13/name = "L Leg"
bones/13/parent = 12
bones/13/rest = Transform3D(1, 4.28409e-21, 2.28e-07, -1.03354e-20, 1, 2.65409e-14, -2.28e-07, -2.65409e-14, 1, 0, 2.9, -4.6498e-15)
bones/13/enabled = true
bones/13/position = Vector3(0, 2.9, -4.6498e-15)
bones/13/rotation = Quaternion(-1.32704e-14, 1.14e-07, -3.65487e-21, 1)
bones/13/scale = Vector3(1, 1, 0.999988)

[node name="Ouji" type="MeshInstance3D" parent="OujiArmature/OujiSkeleton"]
layers = 65536
gi_mode = 0
mesh = ExtResource("1_io8v1")
skin = SubResource("Skin_ucuiy")
"blend_shapes/Bottom Lip" = 0.0
"blend_shapes/Eye Shift" = 0.0
"blend_shapes/Eye Size" = 0.0
"blend_shapes/Eye Squint" = 0.0
blend_shapes/Jaw = 0.0
"blend_shapes/Show Smile" = 0.0
"blend_shapes/Top Lip" = 0.0
surface_material_override/0 = SubResource("ShaderMaterial_q0njk")

[node name="Ouji_face" type="MeshInstance3D" parent="OujiArmature/OujiSkeleton"]
layers = 65536
gi_mode = 0
mesh = ExtResource("5_gb4of")
skin = SubResource("Skin_ucuiy")
"blend_shapes/Bottom Lip" = 0.0
"blend_shapes/Eye Shift" = 0.0
"blend_shapes/Eye Size" = 0.0
"blend_shapes/Eye Squint" = 0.0
blend_shapes/Jaw = 0.0
"blend_shapes/Show Smile" = 0.0
"blend_shapes/Top Lip" = 0.0
surface_material_override/0 = SubResource("ShaderMaterial_ticd3")

[node name="HeadAttach" type="BoneAttachment3D" parent="OujiArmature/OujiSkeleton"]
transform = Transform3D(1, 2.04281e-13, 2.38419e-07, -1.54078e-13, 1, -5.58794e-07, -2.38419e-07, 2.08616e-07, 0.999997, 9.81502e-13, 14.525, 1.78814e-07)
bone_name = "Head"
bone_idx = 6

[node name="BindPointFace" type="Node3D" parent="OujiArmature/OujiSkeleton/HeadAttach"]
transform = Transform3D(1, 0, 0, 0, 1, 0, 0, 0, 1, 0, 0.43, 2.73)

[node name="BindPointHead" type="Node3D" parent="OujiArmature/OujiSkeleton/HeadAttach"]
transform = Transform3D(1, 0, 0, 0, 1, 0, 0, 0, 1, -3.19785e-16, 3.16, -8.94079e-09)

[node name="ChestAttach" type="BoneAttachment3D" parent="OujiArmature/OujiSkeleton"]
transform = Transform3D(1, 2.27374e-13, 2.38419e-07, 1.83854e-08, 0.997022, -0.0771149, -2.37709e-07, 0.0771144, 0.99702, -3.50417e-13, 8.7535, -0.446395)
bone_name = "Chest"
bone_idx = 2

[node name="BindPointBack" type="Node3D" parent="OujiArmature/OujiSkeleton/ChestAttach"]
transform = Transform3D(1, -4.15592e-08, 5.68434e-14, 4.14011e-08, 0.996195, -0.0871558, 3.62233e-09, 0.0871558, 0.996195, 3.21799e-07, 1.50039, -1.34972)

[node name="TorsoAttach" type="BoneAttachment3D" parent="OujiArmature/OujiSkeleton"]
transform = Transform3D(1, -1.35003e-13, 2.38419e-07, -4.18519e-08, 0.984472, 0.17554, -2.34717e-07, -0.17554, 0.98447, 0, 6.25, 0)
bone_name = "Torso"
bone_idx = 1

[node name="BindPointWaist" type="Node3D" parent="OujiArmature/OujiSkeleton/TorsoAttach"]
transform = Transform3D(1, -7.82707e-15, 0, 0, 0.984808, -0.173648, 0, 0.173648, 0.984808, 2.84217e-14, 0.0295439, 0.00520933)

[node name="OujiAnimation" type="AnimationPlayer" parent="."]
deterministic = true
libraries = {
"": ExtResource("2_gnb6a"),
"Unique": ExtResource("5_n3wfx")
}
